R = [a1 a2 a3 a6 a7]';