r1 = 9*rate(10^(-19.3496/10),2.5e+07)+ 1*rate(10^(0.8157/10),2.5e+07) + 5*rate(10^(-5.3722/10),2.5e+07) + 5*rate(10^(-4.7107/10),2.5e+07);
r2 = 20*rate(10^(-19.3496/10),1e+08);